5
7
11
13
17
19
23
25
29
31
35
37
41
43
47
49
53
55
59
61
65
67
71
73
77
79
83
85
89
91
95
97
101
103
107
109
113
115
119
121
125
127
131
133
137
139
143
145
149
151
155
157
161
163
167
169
173
175
179
181
185
187
191
193
197
199
203
205
209
211
215
217
221
223
227
229
233
235
239
241
245
247
251
253
257
259
263
265
269
271
275
277
281
283
287
289
293
295
299
301
305
307
319
323
325
329
335
341
343
355
361
365
371
377
385
391
395
403
407
413
415
425
427
437
445
451
455
469
473
475
481
485
493
497
505
511
515
517
527
529
533
535
539
545
551
553
559
565
575
581
583
589
595
605
611
623
625
629
635
637
649
655
665
667
671
679
685
689
695
697
703
707
713
715
721
725
731
737
745
749
755
763
767
775
779
781
785
791
793
799
803
805
815
817
833
835
841
845
847
851
865
869
871
875
889
893
895
899
901
905
913
917
923
925
931
935
943
949
955
959
961
965
973
979
989
1001
1003
1007
1015
1025
1027
1037
1043
1045
1057
1067
1073
1075
1079
1081
1085
1099
1105
1111
1121
1127
1133
1139
1141
1147
1157
1159
1175
1177
1183
1189
1199
1207
1219
1225
1235
1241
1243
1247
1261
1265
1271
1273
1295
1309
1313
1325
1331
1333
1339
1343
1349
1357
1363
1369
1375
1387
1391
1397
1403
1411
1417
1421
1435
1441
1445
1457
1463
1469
1475
1495
1501
1505
1513
1517
1519
1525
1537
1541
1547
1573
1577
1591
1595
1615
1625
1633
1643
1645
1649
1675
1679
1681
1691
1705
1711
1715
1717
1729
1739
1751
1763
1769
1771
1775
1805
1813
1817
1825
1829
1843
1849
1855
1859
1885
1891
1909
1925
1927
1943
1955
1961
1975
2009
2015
2021
2023
2035
2047
2057
2059
2065
2075
2077
2093
2107
2117
2125
2135
2173
2183
2185
2197
2201
2209
2225
2233
2255
2257
2261
2263
2275
2279
2291
2299
2303
2345
2365
2375
2387
2401
2405
2419
2425
2431
2465
2479
2485
2491
2501
2525
2527
2537
2555
2575
2585
2597
2623
2627
2635
2639
2645
2665
2675
2695
2717
2725
2737
2747
2755
2765
2773
2783
2795
2809
2821
2825
2849
2867
2873
2875
2891
2905
2915
2945
2975
2989
3025
3055
3059
3115
3125
3127
3145
3157
3179
3185
3211
3245
3283
3289
3311
3325
3335
3355
3367
3395
3445
3451
3479
3485
3509
3515
3535
3553
3565
3575
3577
3605
3619
3625
3655
3685
3689
3703
3731
3751
3757
3773
3835
3857
3871
3875
3887
3895
3905
3913
3965
3971
3995
4015
4025
4067
4081
4085
4123
4147
4165
4199
4205
4225
4235
4255
4277
4301
4345
4355
4375
4403
4433
4459
4465
4477
4495
4505
4543
4565
4615
4625
4655
4669
4675
4693
4697
4715
4745
4805
4807
4823
4879
4901
4913
4921
4945
4961
4991
5005
5015
5035
5075
5083
5117
5125
5159
5185
5203
5225
5239
5291
5365
5369
5375
5405
5423
5425
5453
5491
5525
5551
5593
5605
5635
5681
5687
5719
5735
5795
5797
5819
5831
5863
5875
5887
5915
5929
5945
5957
6061
6095
6125
6137
6149
6175
6235
6251
6253
6293
6307
6325
6355
6409
6413
6475
6479
6517
6545
6601
6625
6647
6655
6665
6721
6727
6815
6845
6851
6859
6875
6877
6919
6923
6929
7007
7049
7105
7163
7175
7225
7267
7285
7315
7337
7375
7429
7475
7511
7525
7567
7585
7595
7625
7657
7667
7733
7735
7843
7865
7889
7943
7955
7975
8029
8041
8075
8125
8177
8225
8281
8303
8323
8375
8381
8405
8525
8569
8575
8645
8671
8729
8815
8855
8875
8897
8959
8993
9025
9061
9065
9125
9139
9163
9251
9269
9275
9295
9317
9361
9367
9425
9583
9625
9775
9889
9947
10013
10045
10051
10075
10115
10175
10241
10285
10325
10465
10469
10535
10571
10625
10633
10675
10829
10925
10933
10985
11011
11165
11191
11275
11305
11339
11375
11495
11515
11687
11825
11875
11935
12005
12025
12103
12121
12155
12167
12325
12397
12635
12673
12691
12925
12985
13013
13175
13195
13225
13325
13475
13585
13685
13775
13915
13975
14063
14105
14161
14245
14365
14375
14399
14641
14651
14725
14749
14875
15125
15275
15295
15379
15625
15631
15725
15785
15827
15895
15925
16055
16093
16121
16445
16555
16625
16675
16709
16807
16835
17017
17255
17303
17425
17545
17575
17689
17765
17825
17875
18125
18445
18473
18515
18755
18785
18865
19019
19159
19285
19375
19435
19481
19747
19855
19943
20111
20125
20449
20615
20735
20825
20995
21025
21125
21175
21413
21505
21875
22165
22253
22295
22475
22477
22627
23023
23125
23275
23345
23375
23465
24025
24035
24157
24167
24505
24563
24565
24871
25025
25289
25375
25415
25625
25921
26125
26299
26411
26741
26875
27125
27209
27455
27625
27797
28175
28405
28561
29095
29155
29375
29393
29575
29645
29887
30107
30613
30625
30685
30875
31213
31603
31625
32375
32585
32725
32851
33275
34295
34375
34391
34969
35035
35321
35525
35875
36125
36575
37349
37375
37975
38437
38675
39083
39325
39445
39875
40375
40625
40817
41327
41405
41503
42625
42875
43225
44275
45125
45619
45815
46475
46585
47125
48125
48875
49049
49735
50575
51205
51425
52325
53125
54145
54625
54925
55055
55223
56525
56875
57475
57967
59375
60025
60515
60775
61985
63175
64141
65065
65219
66125
67375
67925
70805
71687
71825
71875
71995
73205
74375
75625
75803
76895
77077
78125
79135
79475
79625
80275
83125
84035
85085
86515
89375
90625
91091
94325
96875
100625
102245
102487
104125
105625
105875
107653
109375
111475
116375
116875
117649
125125
130625
132055
138125
145775
147875
148225
153125
154375
156065
163625
166375
171875
175175
184877
196625
203125
207025
207515
214375
218491
232375
232925
240625
265625
284375
296875
300125
336875
378125
390625
398125
420175
446875
471625
529375
546875
588245
765625
823543
859375
1071875
1500625
1953125
2734375
9765625
